{
  "camera_path": [
    {
      "camera_to_world": [
        0.0871300810078299,
        -0.276502256961417,
        -0.9570552939234117,
        2.85,
        -0.9961969324213005,
        -0.02418363605009324,
        -0.08370664732508297,
        -0.87,
        0.0,
        0.9607089149263971,
        -0.277557828138826,
        1.82,
        0.0,
        0.0,
        0.0,
        1.0
      ],
      "fov": 60.0
    },
    {
      "camera_to_world": [
        0.07657510705367386,
        -0.27046068599243867,
        -0.9596808089711165,
        2.85,
        -0.9970638054811973,
        -0.020771545281082437,
        -0.07370407017116962,
        -0.855,
        0.0,
        0.9625068965036642,
        -0.2712571497487169,
        1.830352761804101,
        0.0,
        0.0,
        0.0,
        1.0
      ],
      "fov": 60.0
    },
    {
      "camera_to_world": [
        0.06599432680716147,
        -0.264752802203469,
        -0.9620554492300324,
        2.85,
        -0.997819987816323,
        -0.017510355740582496,
        -0.06362891352982646,
        -0.8400000000000001,
        0.0,
        0.96415730394321,
        -0.26533122751215543,
        1.84,
        0.0,
        0.0,
        0.0,
        1.0
      ],
      "fov": 60.0
    },
    {
      "camera_to_world": [
        0.05539123852708029,
        -0.2598103169306967,
        -0.9640697043190237,
        2.85,
        -0.9984647164426484,
        -0.014413343806657365,
        -0.053483126713706114,
        -0.8250000000000001,
        0.0,
        0.9655520805828149,
        -0.2602098127777159,
        1.8482842712474619,
        0.0,
        0.0,
        0.0,
        1.0
      ],
      "fov": 60.0
    },
    {
      "camera_to_world": [
        0.044769377942399546,
        -0.256012524702203,
        -0.9656362021468283,
        2.85,
        -0.9989973383886884,
        -0.011473025038152198,
        -0.04327432158978832,
        -0.81,
        0.0,
        0.9666053602548972,
        -0.25626947626820806,
        1.8546410161513776,
        0.0,
        0.0,
        0.0,
        1.0
      ],
      "fov": 60.0
    },
    {
      "camera_to_world": [
        0.03413231244984399,
        -0.25365602112991664,
        -0.9666920880561062,
        2.85,
        -0.999417312522537,
        -0.008662914339694619,
        -0.03301467362921939,
        -0.795,
        0.0,
        0.9672556758375754,
        -0.25380390948970744,
        1.8586370330515627,
        0.0,
        0.0,
        0.0,
        1.0
      ],
      "fov": 60.0
    },
    {
      "camera_to_world": [
        0.02348363518740571,
        -0.2529303116281038,
        -0.9671994423395527,
        2.85,
        -0.9997242110731485,
        -0.005941361727886202,
        -0.02271962467827279,
        -0.78,
        0.0,
        0.9674662388208377,
        -0.25300008625038417,
        1.86,
        0.0,
        0.0,
        0.0,
        1.0
      ],
      "fov": 60.0
    },
    {
      "camera_to_world": [
        0.012826959006506418,
        -0.25390190479976615,
        -0.9671449099170623,
        2.85,
        -0.9999177208375309,
        -0.003257057312488281,
        -0.012406548913311218,
        -0.765,
        0.0,
        0.9672244723382113,
        -0.25392279735486434,
        1.8586370330515627,
        0.0,
        0.0,
        0.0,
        1.0
      ],
      "fov": 60.0
    },
    {
      "camera_to_world": [
        0.0021659103662377828,
        -0.2565086010991556,
        -0.9665395135701736,
        2.85,
        -0.9999976440672034,
        -0.0005555759470494081,
        -0.002093442883830811,
        -0.75,
        0.0,
        0.9665417706776775,
        -0.25650920541760525,
        1.8546410161513776,
        0.0,
        0.0,
        0.0,
        1.0
      ],
      "fov": 60.0
    },
    {
      "camera_to_world": [
        -0.008495876826340504,
        -0.26056459800439113,
        -0.9654190257148794,
        2.85,
        -0.9999638990290133,
        0.0022138046504476916,
        0.008202377242062108,
        -0.735,
        0.0,
        0.9654538595373737,
        -0.26057400497898475,
        1.8482842712474619,
        0.0,
        0.0,
        0.0,
        1.0
      ],
      "fov": 60.0
    },
    {
      "camera_to_world": [
        -0.01915476740548119,
        -0.26577587381236845,
        -0.9638445230506457,
        2.85,
        -0.9998165202371956,
        0.005091809288824995,
        0.018465605719039442,
        -0.72,
        0.0,
        0.9640213814687256,
        -0.26582464725559446,
        1.84,
        0.0,
        0.0,
        0.0,
        1.0
      ],
      "fov": 60.0
    },
    {
      "camera_to_world": [
        -0.02980713114103279,
        -0.27176420809838364,
        -0.9619021441467002,
        2.85,
        -0.9995556583553735,
        0.00810411238485277,
        0.028684288979561438,
        -0.7050000000000001,
        0.0,
        0.9623297273293014,
        -0.2718850179344019,
        1.830352761804101,
        0.0,
        0.0,
        0.0,
        1.0
      ],
      "fov": 60.0
    },
    {
      "camera_to_world": [
        -0.040449348913113845,
        -0.2780972869990991,
        -0.9597008564500041,
        2.85,
        -0.9991815797690295,
        0.011258068024249604,
        0.03885107129750515,
        -0.6900000000000001,
        0.0,
        0.9604869183919669,
        -0.2783250738703409,
        1.82,
        0.0,
        0.0,
        0.0,
        1.0
      ],
      "fov": 60.0
    }
  ]
}