{
  "camera_path": [
    {
      "camera_to_world": [
        0.057991195639253944,
        -0.21100845920909928,
        -0.9757624933667556,
        1.45,
        -0.9983170842803568,
        -0.012257260776372736,
        -0.05668102303494873,
        -0.91,
        0.0,
        0.9774073676238832,
        -0.2113641672887989,
        1.62,
        0.0,
        0.0,
        0.0,
        1.0
      ],
      "fov": 55.0
    },
    {
      "camera_to_world": [
        0.05651402655966351,
        -0.2097444406481963,
        -0.9761216248607829,
        1.45,
        -0.9984017950432129,
        -0.011872477541990886,
        -0.05525286884170371,
        -0.9058333333333333,
        0.0,
        0.977684144538721,
        -0.21008019185213717,
        1.6239157857666016,
        0.0,
        0.0,
        0.0,
        1.0
      ],
      "fov": 55.0
    },
    {
      "camera_to_world": [
        0.055036486256009313,
        -0.20850026893070467,
        -0.976472536812338,
        1.45,
        -0.9984843337427729,
        -0.0114925410420462,
        -0.053823195352695016,
        -0.9016666666666666,
        0.0,
        0.9779547698884656,
        -0.2088167654560497,
        1.6277645713530757,
        0.0,
        0.0,
        0.0,
        1.0
      ],
      "fov": 55.0
    },
    {
      "camera_to_world": [
        0.05355858431425516,
        -0.20729792829540397,
        -0.9768106464884735,
        1.45,
        -0.9985646987555904,
        -0.011118542027988607,
        -0.052391793375243335,
        -0.8975,
        0.0,
        0.978214659234879,
        -0.20759589093599873,
        1.6314805029709527,
        0.0,
        0.0,
        0.0,
        1.0
      ],
      "fov": 55.0
    },
    {
      "camera_to_world": [
        0.05208033033219853,
        -0.20615872584783507,
        -0.9771316242357094,
        1.45,
        -0.9986428885002862,
        -0.010751405398925372,
        -0.05095849412662077,
        -0.8933333333333333,
        0.0,
        0.9784594828790709,
        -0.2064388864346036,
        1.635,
        0.0,
        0.0,
        0.0,
        1.0
      ],
      "fov": 55.0
    },
    {
      "camera_to_world": [
        0.050601733919162666,
        -0.20510291657786187,
        -0.9774314555388831,
        1.45,
        -0.9987189014376342,
        -0.010391876228413687,
        -0.04952317049992969,
        -0.8891666666666667,
        0.0,
        0.9786852278028519,
        -0.2053660106789014,
        1.6382628428702617,
        0.0,
        0.0,
        0.0,
        1.0
      ],
      "fov": 55.0
    },
    {
      "camera_to_world": [
        0.049122804695687854,
        -0.20414934383361824,
        -0.9777064935963946,
        1.45,
        -0.9987927360706467,
        -0.010040509891315757,
        -0.048085737310813184,
        -0.885,
        0.0,
        0.9788882500957484,
        -0.20439610387712945,
        1.6412132034355966,
        0.0,
        0.0,
        0.0,
        1.0
      ],
      "fov": 55.0
    },
    {
      "camera_to_world": [
        0.04764355229322183,
        -0.20331510226038382,
        -0.9779535026137155,
        1.45,
        -0.9988643909446553,
        -0.009697666464397021,
        -0.046646150633172005,
        -0.8808333333333334,
        0.0,
        0.9790653180774104,
        -0.20354625122645806,
        1.643800600208737,
        0.0,
        0.0,
        0.0,
        1.0
      ],
      "fov": 55.0
    },
    {
      "camera_to_world": [
        0.04616398635380936,
        -0.20261522991317577,
        -0.9781696924021549,
        1.45,
        -0.9989338646473919,
        -0.009363509477263984,
        -0.04520440634746367,
        -0.8766666666666667,
        0.0,
        0.9792136467099916,
        -0.2028314757200626,
        1.6459807621135332,
        0.0,
        0.0,
        0.0,
        1.0
      ],
      "fov": 55.0
    },
    {
      "camera_to_world": [
        0.04468411652978095,
        -0.20206243577550018,
        -0.978352745152062,
        1.45,
        -0.9990011558090648,
        -0.009038008989260373,
        -0.0437605380308101,
        -0.8724999999999999,
        0.0,
        0.979330924176656,
        -0.20226446646285923,
        1.6477163859753388,
        0.0,
        0.0,
        0.0,
        1.0
      ],
      "fov": 55.0
    },
    {
      "camera_to_world": [
        0.04320395248344096,
        -0.2016668682746512,
        -0.9785008354121557,
        1.45,
        -0.9990662631024345,
        -0.008720948866160493,
        -0.04231461431484608,
        -0.8683333333333333,
        0.0,
        0.9794153316640465,
        -0.20185534806110678,
        1.6489777747886722,
        0.0,
        0.0,
        0.0,
        1.0
      ],
      "fov": 55.0
    },
    {
      "camera_to_world": [
        0.04172350388675459,
        -0.20143592959306458,
        -0.9786126443427013,
        1.45,
        -0.9991291852428862,
        -0.008411938031081647,
        -0.04086673582649267,
        -0.8641666666666666,
        0.0,
        0.9794655574216052,
        -0.20161149585886226,
        1.6497433458412145,
        0.0,
        0.0,
        0.0,
        1.0
      ],
      "fov": 55.0
    },
    {
      "camera_to_world": [
        0.04024278042103448,
        -0.20137413965714876,
        -0.9786873692236833,
        1.45,
        -0.9991899209884996,
        -0.008110425370063998,
        -0.039417031810674054,
        -0.86,
        0.0,
        0.9794808060830604,
        -0.20153740087563046,
        1.6500000000000001,
        0.0,
        0.0,
        0.0,
        1.0
      ],
      "fov": 55.0
    },
    {
      "camera_to_world": [
        0.03876179177662639,
        -0.20148305266478,
        -0.9787247290041196,
        1.45,
        -0.9992484691401172,
        -0.007815717887095543,
        -0.03796565651477934,
        -0.8558333333333333,
        0.0,
        0.9794608040394313,
        -0.2016345872795403,
        1.6497433458412145,
        0.0,
        0.0,
        0.0,
        1.0
      ],
      "fov": 55.0
    },
    {
      "camera_to_world": [
        0.037280547652594316,
        -0.20176122791765969,
        -0.9787249663986791,
        1.45,
        -0.9993048285414107,
        -0.007527001628531165,
        -0.03651278539488985,
        -0.8516666666666667,
        0.0,
        0.979405801372073,
        -0.20190158413639528,
        1.6489777747886722,
        0.0,
        0.0,
        0.0,
        1.0
      ],
      "fov": 55.0
    },
    {
      "camera_to_world": [
        0.035799057756404816,
        -0.2022042555837851,
        -0.9786888467034635,
        1.45,
        -0.9993589980789429,
        -0.007243364835008923,
        -0.0350586111858062,
        -0.8475,
        0.0,
        0.9793165705193094,
        -0.2023339520357351,
        1.6477163859753388,
        0.0,
        0.0,
        0.0,
        1.0
      ],
      "fov": 55.0
    },
    {
      "camera_to_world": [
        0.0343173318036107,
        -0.20280483685795594,
        -0.9786176531495443,
        1.45,
        -0.9994109766822294,
        -0.006963822731801463,
        -0.03360333986273784,
        -0.8433333333333333,
        0.0,
        0.9791944014964363,
        -0.20292436404011935,
        1.6459807621135332,
        0.0,
        0.0,
        0.0,
        1.0
      ],
      "fov": 55.0
    },
    {
      "camera_to_world": [
        0.032835379517534354,
        -0.2035529168443423,
        -0.9785131782775642,
        1.45,
        -0.9994607633237975,
        -0.006687343337278909,
        -0.03214718651365746,
        -0.8391666666666666,
        0.0,
        0.9790410931532865,
        -0.20366273926292872,
        1.643800600208737,
        0.0,
        0.0,
        0.0,
        1.0
      ],
      "fov": 55.0
    },
    {
      "camera_to_world": [
        0.031353210628949975,
        -0.2044358673843741,
        -0.9783777105349133,
        1.45,
        -0.9995083570192417,
        -0.006412873654533108,
        -0.030690371138618156,
        -0.835,
        0.0,
        0.9788589396715882,
        -0.20453642628266538,
        1.6412132034355966,
        0.0,
        0.0,
        0.0,
        1.0
      ],
      "fov": 55.0
    },
    {
      "camera_to_world": [
        0.029870834875765712,
        -0.20543871602459557,
        -0.9782140150995972,
        1.45,
        -0.9995537568272778,
        -0.0061393656134498655,
        -0.02923311439591644,
        -0.8308333333333333,
        0.0,
        0.9786507113069226,
        -0.20553043257691966,
        1.6382628428702617,
        0.0,
        0.0,
        0.0,
        1.0
      ],
      "fov": 55.0
    },
    {
      "camera_to_world": [
        0.02838826200270499,
        -0.2065444163903906,
        -0.9780253078457074,
        1.45,
        -0.9995969618497943,
        -0.005865801149330904,
        -0.027775633324275954,
        -0.8266666666666667,
        0.0,
        0.9784196282908795,
        -0.20662769523445915,
        1.635,
        0.0,
        0.0,
        0.0,
        1.0
      ],
      "fov": 55.0
    },
    {
      "camera_to_world": [
        0.026905501760987424,
        -0.20773415442812646,
        -0.9778152213990069,
        1.45,
        -0.9996379712319017,
        -0.00559121583876547,
        -0.026318137084018457,
        -0.8225,
        0.0,
        0.978169326842636,
        -0.20780938740464783,
        1.6314805029709527,
        0.0,
        0.0,
        0.0,
        1.0
      ],
      "fov": 55.0
    },
    {
      "camera_to_world": [
        0.025422563908009167,
        -0.20898768432239792,
        -0.9775877623918028,
        1.45,
        -0.9996767841619782,
        -0.005314720562533477,
        -0.024860822776760987,
        -0.8183333333333334,
        0.0,
        0.9779038163997894,
        -0.20905525429160662,
        1.6277645713530757,
        0.0,
        0.0,
        0.0,
        1.0
      ],
      "fov": 55.0
    },
    {
      "camera_to_world": [
        0.023939458207022837,
        -0.21028368740415235,
        -0.9773472593076126,
        1.45,
        -0.999713399871715,
        -0.005035520727116733,
        -0.023403871420494382,
        -0.8141666666666667,
        0.0,
        0.9776274274594695,
        -0.2103439720135154,
        1.6239157857666016,
        0.0,
        0.0,
        0.0,
        1.0
      ],
      "fov": 55.0
    },
    {
      "camera_to_world": [
        0.02245619442681692,
        -0.21160014705100083,
        -0.9770983006916788,
        1.45,
        -0.9997478176361564,
        -0.004752932648710867,
        -0.021947444172796583,
        -0.8099999999999999,
        0.0,
        0.9773447498060188,
        -0.2116535223365795,
        1.62,
        0.0,
        0.0,
        0.0,
        1.0
      ],
      "fov": 55.0
    }
  ]
}