{
  "description": "Close-range camera arc around a manipulation zone (tote/bin), robot height ~1.1m.",
  "camera_path": [
    {
      "camera_to_world": [0.9986, 0.0523, 0, 1.2, -0.0523, 0.9986, 0, -0.2, 0, 0, 1, 1.1, 0, 0, 0, 1],
      "fov": 58
    },
    {
      "camera_to_world": [0.9914, 0.1305, 0, 1.0, -0.1305, 0.9914, 0, -0.1, 0, 0, 1, 1.1, 0, 0, 0, 1],
      "fov": 58
    },
    {
      "camera_to_world": [0.9781, 0.2082, 0, 0.8, -0.2082, 0.9781, 0, 0.0, 0, 0, 1, 1.1, 0, 0, 0, 1],
      "fov": 58
    },
    {
      "camera_to_world": [0.9592, 0.2827, 0, 0.6, -0.2827, 0.9592, 0, 0.1, 0, 0, 1, 1.1, 0, 0, 0, 1],
      "fov": 58
    },
    {
      "camera_to_world": [0.9344, 0.3562, 0, 0.4, -0.3562, 0.9344, 0, 0.2, 0, 0, 1, 1.1, 0, 0, 0, 1],
      "fov": 58
    },
    {
      "camera_to_world": [0.9041, 0.4273, 0, 0.2, -0.4273, 0.9041, 0, 0.3, 0, 0, 1, 1.1, 0, 0, 0, 1],
      "fov": 58
    }
  ]
}
